006612
005254
006392
003798
009526
000760
008429
009579
003732
009287
003280
006188
007038
004963
003491
003065
003790
005203
003382
007925
002411
009613
001654
000684
005563
006130
007694
001455
002364
002329
001147
009880
004087
002539
004017
003838
003362
001689
002273
007052
009902
006912
003231
006381
002565
007416
008518
004856
000066
002104
002345
001378
005715
000843
008360
006971
005380
001385
003367
002697
001721
004322
001778
000799
006484
002643
000847
002287
005248
001254
000971
001881
000690
001680
004801
006440
003596
006238
001397
006325
006442
009614
008891
000150
009362
002045
001064
002281
005788
004685
003100
009251
008040
003990
002064
004792
003142
001580
000694
005535
006874
009649
007753
007247
009413
002741
003407
007108
006187
005838
001395
006748
001192
007563
000411
008720
001124
004488
005786
002332
001069
005063
009743
003194
008644
009562
004760
008425
001636
006824
002403
000935
000093
002420
008445
009531
003586
001514
009524
007793
005072
003301
008840
004367
005908
000083
007150
002174
005794
008160
006884
008180
006095
003165
000828
001554
005668
000133
009565
005445
009227
007359
003106
001711
007854
004203
006822
008716
001036
000174
005293
008174
002779
000215
008388
001906
006836
007821
003550
006632
006740
007526
008533
004141
004244
001954
001649
007611
006911
002268
005424
004046
002667
003169
001807
001258
004653
006637
008951
007493
007498
007093
004796
004770
001903
003651
007422
005475
004471
007256
007691
002859
005054
007139
004487
002767
003469
007375
009281
004047
007984
001360
009468
002019
009567
008009
004528
006919
007295
002061
004831
001941
005269
003528
004057
002265
002142
007180
002493
003159
003044
002253
006813
009494
003706
004380
005693
009224
003325
003673
000862
006585
006172
002807
002637
007334
007592
002730
000146
002958
007414
009877
008582
003412
004011
003577
008253
009180
006587
006855
002546
006670
003953
001168
008810
007731
009949
009116
001797
003986
000854
009179
009711
004816
002302
005348
006344
009254
008142
007586
008248
006782
005731
009734
006139
006062
002689
009377
005728
000501
007425
008757
006011
005910
004392
006445
008209
001754
004530
007031
003274
009546
000143
007058
006949
004111
009470
003425
005917
009792
006229
008437
001175
007062
003392
000156
002534
005093
005081
000648
003844
007133
002459
004228
003397
004117
003391
005489
003546
007336
008944
008033
006647
009549
005732
002241
005938
003621
007322
001617
009250
002056
003343
000628
005273
007117
002117
002520
000509
005478
003939
000359
006578
000663
004878
006550
000654
004075
009918
001579
007799
009496
009326
009411
008923
001756
004595
005811
009954
007445
009500
008048
007059
004976
004205
008848
000420
009609
009049
008620
002000
006781
007911
000878
006219
005387
004073
002091
009568
001404
001466
004693
000482
004628
008966
005131
002472
008960
004520
003088
006289
003045
009878
005829
005780
000677
002196
002889
002751
002917
004168
000323
008968
003760
005037
008742
005696
004808
003824
006150
007868
000671
008096
007679
002523
005307
005018
008921
008470
003792
003860
009497
003997
009303
003270
006797
005648
001628
009161
004281
005236
002114
004832
000222
000113
009434
007762
003284
001816
001314
002444
005305
004788
006645
005268
004631
004823
006621
005111
005169
005769
001445
007566
003960
004359
007668
005672
006450
005121
002011